90 90 100 100
90 100 100 100
70 100 100 100
90 90 100 100
80 100 100 100
100 100 90 100
90 100 100 100
90 100 100 100
90 100 100 100
100 100 100 100
100 100 100 100
80 90 100 100
90 100 100 100
80 100 100 100
70 90 90 80
90 100 100 100
90 90 90 100
100 100 100 100
100 100 90 100
100 100 100 100
90 100 100 100
90 100 100 100
90 80 60 90
60 80 70 80
70 50 50 60
60 60 70 80
60 60 70 80
60 60 70 80
80 90 80 70
100 90 100 100
90 80 90 90
70 80 70 90
80 80 90 80
70 60 50 40
50 40 40 50
30 60 70 40
30 50 40 40
40 50 60 50
30 40 30 30
70 50 60 60
80 80 80 70
60 70 70 70
40 70 50 30
50 80 80 80
50 10 10 10
20 10 20 20
50 20 10 10
40 30 30 60
30 10 20 0
0 0 10 0
30 60 50 40
60 50 60 30
30 30 40 40
60 20 10 10
40 50 40 40
